var baseVertices = [
-0.989812, 0.456548, -0.005, 1.0, 
0.989298, 0.456548, -0.005, 1.0, 
-0.989812, 0.456548, -0.03, 1.0, 
0.989298, 0.456548, -0.03, 1.0, 
0.989298, 0.29, -0.005, 1.0, 
-0.989812, 0.29, -0.005, 1.0, 
-0.953755, -0.48133, -0.005, 1.0, 
-0.989812, -0.445274, -0.005, 1.0, 
-0.971784, -0.476499, -0.005, 1.0, 
-0.984981, -0.463302, -0.005, 1.0, 
0.989298, -0.445274, -0.005, 1.0, 
0.953242, -0.48133, -0.005, 1.0, 
0.984468, -0.463302, -0.005, 1.0, 
0.97127, -0.476499, -0.005, 1.0, 
-0.989812, -0.445274, -0.03, 1.0, 
-0.953755, -0.48133, -0.03, 1.0, 
-0.984981, -0.463302, -0.03, 1.0, 
-0.971784, -0.476499, -0.03, 1.0, 
0.953242, -0.48133, -0.03, 1.0, 
0.989298, -0.445274, -0.03, 1.0, 
0.97127, -0.476499, -0.03, 1.0, 
0.984468, -0.463302, -0.03, 1.0, 
-0.989812, 0.29, 0.009841, 1.0, 
-0.939652, 0.29, 0.06, 1.0, 
-0.983092, 0.29, 0.03492, 1.0, 
-0.964732, 0.29, 0.05328, 1.0, 
0.939139, 0.29, 0.06, 1.0, 
0.989298, 0.29, 0.009841, 1.0, 
0.964219, 0.29, 0.05328, 1.0, 
0.982578, 0.29, 0.03492, 1.0, 
0.989298, 0.456548, 0.009841, 1.0, 
0.939139, 0.456548, 0.06, 1.0, 
0.982578, 0.456548, 0.03492, 1.0, 
0.964219, 0.456548, 0.05328, 1.0, 
-0.939652, 0.456548, 0.06, 1.0, 
-0.989812, 0.456548, 0.009841, 1.0, 
-0.964732, 0.456548, 0.05328, 1.0, 
-0.983092, 0.456548, 0.03492, 1.0
]
var baseNormals = [
1.0, -0.0, -0.0, 0, 
-0.0, -0.0, 1.0, 0, 
-1.0, -0.0, -0.0, 0, 
-0.0, -1.0, -0.0, 0, 
-0.0, 1.0, -0.0, 0, 
-0.9659, 0.2588, -0.0, 0, 
-0.7071, 0.7071, -0.0, 0, 
-0.2588, 0.9659, -0.0, 0, 
0.9659, 0.2588, -0.0, 0, 
0.7071, 0.7071, -0.0, 0, 
0.2588, 0.9659, -0.0, 0, 
-0.0, -0.0, -1.0, 0, 
0.2588, -0.0, -0.9659, 0, 
0.7071, -0.0, -0.7071, 0, 
0.9659, -0.0, -0.2588, 0, 
-0.2588, -0.0, -0.9659, 0, 
-0.7071, -0.0, -0.7071, 0, 
-0.9659, -0.0, -0.2588, 0
]
var baseIndices = [
5.0, 14.0, 2.0, 
3.0, 2.0, 18.0, 
4.0, 3.0, 19.0, 
0.0, 3.0, 1.0, 
11.0, 15.0, 6.0, 
28.0, 29.0, 27.0, 
36.0, 37.0, 35.0, 
4.0, 30.0, 1.0, 
0.0, 22.0, 5.0, 
19.0, 12.0, 10.0, 
21.0, 13.0, 12.0, 
20.0, 11.0, 13.0, 
7.0, 16.0, 14.0, 
9.0, 17.0, 16.0, 
8.0, 15.0, 17.0, 
12.0, 13.0, 11.0, 
23.0, 36.0, 34.0, 
25.0, 37.0, 36.0, 
24.0, 35.0, 37.0, 
31.0, 28.0, 26.0, 
33.0, 29.0, 28.0, 
32.0, 27.0, 29.0, 
23.0, 31.0, 26.0, 
2.0, 0.0, 5.0, 
5.0, 7.0, 14.0, 
2.0, 14.0, 15.0, 
14.0, 16.0, 15.0, 
16.0, 17.0, 15.0, 
15.0, 18.0, 2.0, 
18.0, 20.0, 19.0, 
20.0, 21.0, 19.0, 
19.0, 3.0, 18.0, 
19.0, 10.0, 4.0, 
4.0, 1.0, 3.0, 
0.0, 2.0, 3.0, 
11.0, 18.0, 15.0, 
27.0, 4.0, 26.0, 
4.0, 5.0, 23.0, 
5.0, 22.0, 23.0, 
22.0, 24.0, 23.0, 
24.0, 25.0, 23.0, 
23.0, 26.0, 4.0, 
26.0, 28.0, 27.0, 
35.0, 0.0, 34.0, 
0.0, 1.0, 31.0, 
1.0, 30.0, 31.0, 
30.0, 32.0, 31.0, 
32.0, 33.0, 31.0, 
31.0, 34.0, 0.0, 
34.0, 36.0, 35.0, 
4.0, 27.0, 30.0, 
0.0, 35.0, 22.0, 
19.0, 21.0, 12.0, 
21.0, 20.0, 13.0, 
20.0, 18.0, 11.0, 
7.0, 9.0, 16.0, 
9.0, 8.0, 17.0, 
8.0, 6.0, 15.0, 
11.0, 6.0, 4.0, 
6.0, 8.0, 7.0, 
8.0, 9.0, 7.0, 
7.0, 5.0, 6.0, 
5.0, 4.0, 6.0, 
4.0, 10.0, 11.0, 
10.0, 12.0, 11.0, 
23.0, 25.0, 36.0, 
25.0, 24.0, 37.0, 
24.0, 22.0, 35.0, 
31.0, 33.0, 28.0, 
33.0, 32.0, 29.0, 
32.0, 30.0, 27.0, 
23.0, 34.0, 31.0
]
