var black0Vertices = [
]
var black0Vertices = [
]
var black0Vertices = [
]
var black1Vertices = [
-0.892005, 0.285, 0.0, 1.0, 
-0.892005, -0.132, 0.0, 1.0, 
-0.887263, -0.147, 0.0, 1.0, 
-0.874618, -0.155, 0.0, 1.0, 
-0.850909, -0.157, 0.0, 1.0, 
-0.822458, -0.144, 0.0, 1.0, 
-0.831151, -0.155, 0.0, 1.0, 
-0.819296, -0.128, 0.0, 1.0, 
-0.819296, 0.285, 0.0, 1.0, 
-0.886472, 0.279467, 0.06, 1.0, 
-0.892005, 0.285, 0.054591, 1.0, 
-0.892005, -0.112892, 0.054591, 1.0, 
-0.886472, -0.110145, 0.06, 1.0, 
-0.887263, -0.127887, 0.054604, 1.0, 
-0.882597, -0.122403, 0.06, 1.0, 
-0.874618, -0.135883, 0.054617, 1.0, 
-0.872804, -0.128599, 0.06, 1.0, 
-0.850909, -0.137882, 0.054619, 1.0, 
-0.850955, -0.130442, 0.06, 1.0, 
-0.822458, -0.124891, 0.054593, 1.0, 
-0.827627, -0.120616, 0.06, 1.0, 
-0.834039, -0.12873, 0.06, 1.0, 
-0.831151, -0.135885, 0.05461, 1.0, 
-0.819296, -0.108895, 0.05458, 1.0, 
-0.824829, -0.106457, 0.06, 1.0, 
-0.819296, 0.285, 0.054591, 1.0, 
-0.824829, 0.279467, 0.06, 1.0
]
var black1Normals = [
0.7667, -0.6059, 0.2121, 0, 
-0.0794, -0.9409, 0.3293, 0, 
1.0, -0.0, -0.0, 0, 
0.0951, -0.9396, 0.3289, 0, 
-0.9482, -0.2998, 0.1049, 0, 
0.9788, -0.1934, 0.0677, 0, 
-0.5127, -0.8104, 0.2837, 0, 
-1.0, -0.0, -0.0, 0, 
-0.0, -1.0, -0.0, 0, 
-0.0, -0.0, -1.0, 0, 
-0.6991, -0.0, 0.7151, 0, 
-0.6324, -0.1999, 0.7484, 0, 
-0.3227, -0.51, 0.7973, 0, 
-0.0495, -0.5857, 0.809, 0, 
0.4924, -0.3881, 0.7791, 0, 
0.0592, -0.5848, 0.809, 0, 
0.6631, -0.1305, 0.7371, 0, 
0.6998, -0.0, 0.7144, 0, 
-0.0, 0.6991, 0.7151, 0, 
-0.0, -0.0, 1.0, 0, 
-0.9482, -0.2997, 0.1049, 0, 
-0.5127, -0.8104, 0.2836, 0, 
-0.632, -0.1992, 0.7489, 0, 
-0.3228, -0.5092, 0.7978, 0, 
-0.0494, -0.5855, 0.8092, 0, 
0.4924, -0.3892, 0.7785, 0, 
0.0595, -0.5852, 0.8087, 0, 
0.6636, -0.1311, 0.7365, 0, 
0.6991, -0.0, 0.715, 0
]
var black1Indices = [
5.0, 22.0, 6.0, 
3.0, 17.0, 15.0, 
8.0, 23.0, 7.0, 
6.0, 17.0, 4.0, 
1.0, 13.0, 11.0, 
7.0, 19.0, 5.0, 
2.0, 15.0, 13.0, 
0.0, 11.0, 10.0, 
8.0, 10.0, 0.0, 
3.0, 2.0, 1.0, 
11.0, 9.0, 10.0, 
11.0, 14.0, 12.0, 
13.0, 16.0, 14.0, 
17.0, 16.0, 15.0, 
19.0, 21.0, 22.0, 
17.0, 21.0, 18.0, 
23.0, 20.0, 19.0, 
23.0, 26.0, 24.0, 
26.0, 10.0, 9.0, 
20.0, 24.0, 18.0, 
5.0, 19.0, 22.0, 
3.0, 4.0, 17.0, 
8.0, 25.0, 23.0, 
6.0, 22.0, 17.0, 
1.0, 2.0, 13.0, 
7.0, 23.0, 19.0, 
2.0, 3.0, 15.0, 
0.0, 1.0, 11.0, 
8.0, 25.0, 10.0, 
1.0, 0.0, 7.0, 
0.0, 8.0, 7.0, 
7.0, 5.0, 4.0, 
1.0, 7.0, 4.0, 
5.0, 6.0, 4.0, 
4.0, 3.0, 1.0, 
11.0, 12.0, 9.0, 
11.0, 13.0, 14.0, 
13.0, 15.0, 16.0, 
17.0, 18.0, 16.0, 
19.0, 20.0, 21.0, 
17.0, 22.0, 21.0, 
23.0, 24.0, 20.0, 
23.0, 25.0, 26.0, 
26.0, 25.0, 10.0, 
26.0, 9.0, 24.0, 
9.0, 12.0, 24.0, 
12.0, 14.0, 16.0, 
16.0, 18.0, 12.0, 
18.0, 21.0, 20.0, 
12.0, 18.0, 24.0
]
var black2Vertices = [
-0.728036, 0.285, 0.0, 1.0, 
-0.728036, -0.132, 0.0, 1.0, 
-0.723295, -0.147, 0.0, 1.0, 
-0.71065, -0.155, 0.0, 1.0, 
-0.68694, -0.157, 0.0, 1.0, 
-0.658489, -0.144, 0.0, 1.0, 
-0.667183, -0.155, 0.0, 1.0, 
-0.655328, -0.128, 0.0, 1.0, 
-0.655328, 0.285, 0.0, 1.0, 
-0.722504, 0.279467, 0.06, 1.0, 
-0.728036, 0.285, 0.054591, 1.0, 
-0.728036, -0.112892, 0.054591, 1.0, 
-0.722504, -0.110145, 0.06, 1.0, 
-0.723295, -0.127887, 0.054604, 1.0, 
-0.718628, -0.122403, 0.06, 1.0, 
-0.71065, -0.135883, 0.054617, 1.0, 
-0.708835, -0.128599, 0.06, 1.0, 
-0.68694, -0.137882, 0.054619, 1.0, 
-0.686987, -0.130442, 0.06, 1.0, 
-0.658489, -0.124891, 0.054593, 1.0, 
-0.663658, -0.120616, 0.06, 1.0, 
-0.670071, -0.12873, 0.06, 1.0, 
-0.667183, -0.135885, 0.05461, 1.0, 
-0.655328, -0.108895, 0.05458, 1.0, 
-0.660861, -0.106457, 0.06, 1.0, 
-0.655328, 0.285, 0.054591, 1.0, 
-0.660861, 0.279467, 0.06, 1.0
]
var black2Normals = [
0.7667, -0.6059, 0.2121, 0, 
-0.0794, -0.9409, 0.3293, 0, 
1.0, -0.0, -0.0, 0, 
0.0951, -0.9396, 0.3289, 0, 
-0.9482, -0.2998, 0.1049, 0, 
0.9788, -0.1934, 0.0677, 0, 
-0.5127, -0.8104, 0.2837, 0, 
-1.0, -0.0, -0.0, 0, 
-0.0, -1.0, -0.0, 0, 
-0.0, -0.0, -1.0, 0, 
-0.6991, -0.0, 0.7151, 0, 
-0.6324, -0.1999, 0.7484, 0, 
-0.3227, -0.51, 0.7973, 0, 
-0.0495, -0.5857, 0.809, 0, 
0.4924, -0.3881, 0.7791, 0, 
0.0592, -0.5848, 0.809, 0, 
0.6631, -0.1305, 0.7371, 0, 
0.6998, -0.0, 0.7144, 0, 
-0.0, 0.6991, 0.7151, 0, 
-0.0, -0.0, 1.0, 0, 
-0.9482, -0.2997, 0.1049, 0, 
-0.5127, -0.8104, 0.2836, 0, 
-0.632, -0.1992, 0.7489, 0, 
-0.3228, -0.5092, 0.7978, 0, 
-0.0494, -0.5855, 0.8092, 0, 
0.4924, -0.3892, 0.7785, 0, 
0.0595, -0.5852, 0.8087, 0, 
0.6636, -0.1311, 0.7365, 0, 
0.6991, -0.0, 0.715, 0
]
var black2Indices = [
5.0, 22.0, 6.0, 
3.0, 17.0, 15.0, 
8.0, 23.0, 7.0, 
6.0, 17.0, 4.0, 
1.0, 13.0, 11.0, 
7.0, 19.0, 5.0, 
2.0, 15.0, 13.0, 
0.0, 11.0, 10.0, 
8.0, 10.0, 0.0, 
3.0, 2.0, 1.0, 
11.0, 9.0, 10.0, 
11.0, 14.0, 12.0, 
13.0, 16.0, 14.0, 
17.0, 16.0, 15.0, 
19.0, 21.0, 22.0, 
17.0, 21.0, 18.0, 
23.0, 20.0, 19.0, 
23.0, 26.0, 24.0, 
26.0, 10.0, 9.0, 
20.0, 24.0, 18.0, 
5.0, 19.0, 22.0, 
3.0, 4.0, 17.0, 
8.0, 25.0, 23.0, 
6.0, 22.0, 17.0, 
1.0, 2.0, 13.0, 
7.0, 23.0, 19.0, 
2.0, 3.0, 15.0, 
0.0, 1.0, 11.0, 
8.0, 25.0, 10.0, 
1.0, 0.0, 7.0, 
0.0, 8.0, 7.0, 
7.0, 5.0, 4.0, 
1.0, 7.0, 4.0, 
5.0, 6.0, 4.0, 
4.0, 3.0, 1.0, 
11.0, 12.0, 9.0, 
11.0, 13.0, 14.0, 
13.0, 15.0, 16.0, 
17.0, 18.0, 16.0, 
19.0, 20.0, 21.0, 
17.0, 22.0, 21.0, 
23.0, 24.0, 20.0, 
23.0, 25.0, 26.0, 
26.0, 25.0, 10.0, 
26.0, 9.0, 24.0, 
9.0, 12.0, 24.0, 
12.0, 14.0, 16.0, 
16.0, 18.0, 12.0, 
18.0, 21.0, 20.0, 
12.0, 18.0, 24.0
]
var black3Vertices = [
-0.473703, 0.285, 0.0, 1.0, 
-0.473703, -0.132, 0.0, 1.0, 
-0.468962, -0.147, 0.0, 1.0, 
-0.456317, -0.155, 0.0, 1.0, 
-0.432607, -0.157, 0.0, 1.0, 
-0.404156, -0.144, 0.0, 1.0, 
-0.41285, -0.155, 0.0, 1.0, 
-0.400995, -0.128, 0.0, 1.0, 
-0.400995, 0.285, 0.0, 1.0, 
-0.468171, 0.279467, 0.06, 1.0, 
-0.473703, 0.285, 0.054591, 1.0, 
-0.473703, -0.112892, 0.054591, 1.0, 
-0.468171, -0.110145, 0.06, 1.0, 
-0.468962, -0.127887, 0.054604, 1.0, 
-0.464295, -0.122403, 0.06, 1.0, 
-0.456317, -0.135883, 0.054617, 1.0, 
-0.454502, -0.128599, 0.06, 1.0, 
-0.432607, -0.137882, 0.054619, 1.0, 
-0.432654, -0.130442, 0.06, 1.0, 
-0.404156, -0.124891, 0.054593, 1.0, 
-0.409325, -0.120616, 0.06, 1.0, 
-0.415738, -0.12873, 0.06, 1.0, 
-0.41285, -0.135885, 0.05461, 1.0, 
-0.400995, -0.108895, 0.05458, 1.0, 
-0.406528, -0.106457, 0.06, 1.0, 
-0.400995, 0.285, 0.054591, 1.0, 
-0.406528, 0.279467, 0.06, 1.0
]
var black3Normals = [
0.7667, -0.6059, 0.2121, 0, 
-0.0794, -0.9409, 0.3293, 0, 
1.0, -0.0, -0.0, 0, 
0.0951, -0.9396, 0.3289, 0, 
-0.9482, -0.2998, 0.1049, 0, 
0.9788, -0.1934, 0.0677, 0, 
-0.5127, -0.8104, 0.2837, 0, 
-1.0, -0.0, -0.0, 0, 
-0.0, -1.0, -0.0, 0, 
-0.0, -0.0, -1.0, 0, 
-0.6991, -0.0, 0.7151, 0, 
-0.6324, -0.1999, 0.7484, 0, 
-0.3227, -0.51, 0.7973, 0, 
-0.0495, -0.5857, 0.809, 0, 
0.4924, -0.3881, 0.7791, 0, 
0.0592, -0.5848, 0.809, 0, 
0.6631, -0.1305, 0.7371, 0, 
0.6998, -0.0, 0.7144, 0, 
-0.0, 0.6991, 0.7151, 0, 
-0.0, -0.0, 1.0, 0, 
-0.9482, -0.2997, 0.1049, 0, 
-0.5127, -0.8104, 0.2836, 0, 
-0.632, -0.1992, 0.7489, 0, 
-0.3228, -0.5092, 0.7978, 0, 
-0.0494, -0.5855, 0.8092, 0, 
0.4924, -0.3892, 0.7785, 0, 
0.0595, -0.5852, 0.8087, 0, 
0.6636, -0.1311, 0.7365, 0, 
0.6991, -0.0, 0.715, 0
]
var black3Indices = [
5.0, 22.0, 6.0, 
3.0, 17.0, 15.0, 
8.0, 23.0, 7.0, 
6.0, 17.0, 4.0, 
1.0, 13.0, 11.0, 
7.0, 19.0, 5.0, 
2.0, 15.0, 13.0, 
0.0, 11.0, 10.0, 
8.0, 10.0, 0.0, 
3.0, 2.0, 1.0, 
11.0, 9.0, 10.0, 
11.0, 14.0, 12.0, 
13.0, 16.0, 14.0, 
17.0, 16.0, 15.0, 
19.0, 21.0, 22.0, 
17.0, 21.0, 18.0, 
23.0, 20.0, 19.0, 
23.0, 26.0, 24.0, 
26.0, 10.0, 9.0, 
20.0, 24.0, 18.0, 
5.0, 19.0, 22.0, 
3.0, 4.0, 17.0, 
8.0, 25.0, 23.0, 
6.0, 22.0, 17.0, 
1.0, 2.0, 13.0, 
7.0, 23.0, 19.0, 
2.0, 3.0, 15.0, 
0.0, 1.0, 11.0, 
8.0, 25.0, 10.0, 
1.0, 0.0, 7.0, 
0.0, 8.0, 7.0, 
7.0, 5.0, 4.0, 
1.0, 7.0, 4.0, 
5.0, 6.0, 4.0, 
4.0, 3.0, 1.0, 
11.0, 12.0, 9.0, 
11.0, 13.0, 14.0, 
13.0, 15.0, 16.0, 
17.0, 18.0, 16.0, 
19.0, 20.0, 21.0, 
17.0, 22.0, 21.0, 
23.0, 24.0, 20.0, 
23.0, 25.0, 26.0, 
26.0, 25.0, 10.0, 
26.0, 9.0, 24.0, 
9.0, 12.0, 24.0, 
12.0, 14.0, 16.0, 
16.0, 18.0, 12.0, 
18.0, 21.0, 20.0, 
12.0, 18.0, 24.0
]
var black4Vertices = [
-0.31265, 0.285, 0.0, 1.0, 
-0.31265, -0.132, 0.0, 1.0, 
-0.307908, -0.147, 0.0, 1.0, 
-0.295263, -0.155, 0.0, 1.0, 
-0.271554, -0.157, 0.0, 1.0, 
-0.243103, -0.144, 0.0, 1.0, 
-0.251796, -0.155, 0.0, 1.0, 
-0.239942, -0.128, 0.0, 1.0, 
-0.239942, 0.285, 0.0, 1.0, 
-0.307117, 0.279467, 0.06, 1.0, 
-0.31265, 0.285, 0.054591, 1.0, 
-0.31265, -0.112892, 0.054591, 1.0, 
-0.307117, -0.110145, 0.06, 1.0, 
-0.307908, -0.127887, 0.054604, 1.0, 
-0.303242, -0.122403, 0.06, 1.0, 
-0.295263, -0.135883, 0.054617, 1.0, 
-0.293449, -0.128599, 0.06, 1.0, 
-0.271554, -0.137882, 0.054619, 1.0, 
-0.271601, -0.130442, 0.06, 1.0, 
-0.243103, -0.124891, 0.054593, 1.0, 
-0.248272, -0.120616, 0.06, 1.0, 
-0.254684, -0.12873, 0.06, 1.0, 
-0.251796, -0.135885, 0.05461, 1.0, 
-0.239942, -0.108895, 0.05458, 1.0, 
-0.245474, -0.106457, 0.06, 1.0, 
-0.239942, 0.285, 0.054591, 1.0, 
-0.245474, 0.279467, 0.06, 1.0
]
var black4Normals = [
0.7667, -0.6059, 0.2121, 0, 
-0.0794, -0.9409, 0.3293, 0, 
1.0, -0.0, -0.0, 0, 
0.0951, -0.9396, 0.3289, 0, 
-0.9482, -0.2998, 0.1049, 0, 
0.9788, -0.1934, 0.0677, 0, 
-0.5127, -0.8104, 0.2837, 0, 
-1.0, -0.0, -0.0, 0, 
-0.0, -1.0, -0.0, 0, 
-0.0, -0.0, -1.0, 0, 
-0.6991, -0.0, 0.7151, 0, 
-0.6324, -0.1999, 0.7484, 0, 
-0.3227, -0.51, 0.7973, 0, 
-0.0495, -0.5857, 0.809, 0, 
0.4924, -0.3881, 0.7791, 0, 
0.0592, -0.5848, 0.809, 0, 
0.6631, -0.1305, 0.7371, 0, 
0.6998, -0.0, 0.7144, 0, 
-0.0, 0.6991, 0.7151, 0, 
-0.0, -0.0, 1.0, 0, 
-0.9482, -0.2997, 0.1049, 0, 
-0.5127, -0.8104, 0.2836, 0, 
-0.632, -0.1992, 0.7489, 0, 
-0.3228, -0.5092, 0.7978, 0, 
-0.0494, -0.5855, 0.8092, 0, 
0.4924, -0.3892, 0.7785, 0, 
0.0595, -0.5852, 0.8087, 0, 
0.6636, -0.1311, 0.7365, 0, 
0.6991, -0.0, 0.715, 0
]
var black4Indices = [
5.0, 22.0, 6.0, 
3.0, 17.0, 15.0, 
8.0, 23.0, 7.0, 
6.0, 17.0, 4.0, 
1.0, 13.0, 11.0, 
7.0, 19.0, 5.0, 
2.0, 15.0, 13.0, 
0.0, 11.0, 10.0, 
8.0, 10.0, 0.0, 
3.0, 2.0, 1.0, 
11.0, 9.0, 10.0, 
11.0, 14.0, 12.0, 
13.0, 16.0, 14.0, 
17.0, 16.0, 15.0, 
19.0, 21.0, 22.0, 
17.0, 21.0, 18.0, 
23.0, 20.0, 19.0, 
23.0, 26.0, 24.0, 
26.0, 10.0, 9.0, 
20.0, 24.0, 18.0, 
5.0, 19.0, 22.0, 
3.0, 4.0, 17.0, 
8.0, 25.0, 23.0, 
6.0, 22.0, 17.0, 
1.0, 2.0, 13.0, 
7.0, 23.0, 19.0, 
2.0, 3.0, 15.0, 
0.0, 1.0, 11.0, 
8.0, 25.0, 10.0, 
1.0, 0.0, 7.0, 
0.0, 8.0, 7.0, 
7.0, 5.0, 4.0, 
1.0, 7.0, 4.0, 
5.0, 6.0, 4.0, 
4.0, 3.0, 1.0, 
11.0, 12.0, 9.0, 
11.0, 13.0, 14.0, 
13.0, 15.0, 16.0, 
17.0, 18.0, 16.0, 
19.0, 20.0, 21.0, 
17.0, 22.0, 21.0, 
23.0, 24.0, 20.0, 
23.0, 25.0, 26.0, 
26.0, 25.0, 10.0, 
26.0, 9.0, 24.0, 
9.0, 12.0, 24.0, 
12.0, 14.0, 16.0, 
16.0, 18.0, 12.0, 
18.0, 21.0, 20.0, 
12.0, 18.0, 24.0
]
var black5Vertices = [
-0.158884, 0.285, 0.0, 1.0, 
-0.158884, -0.132, 0.0, 1.0, 
-0.154142, -0.147, 0.0, 1.0, 
-0.141497, -0.155, 0.0, 1.0, 
-0.117788, -0.157, 0.0, 1.0, 
-0.089337, -0.144, 0.0, 1.0, 
-0.098031, -0.155, 0.0, 1.0, 
-0.086176, -0.128, 0.0, 1.0, 
-0.086176, 0.285, 0.0, 1.0, 
-0.153351, 0.279467, 0.06, 1.0, 
-0.158884, 0.285, 0.054591, 1.0, 
-0.158884, -0.112892, 0.054591, 1.0, 
-0.153351, -0.110145, 0.06, 1.0, 
-0.154142, -0.127887, 0.054604, 1.0, 
-0.149476, -0.122403, 0.06, 1.0, 
-0.141497, -0.135883, 0.054617, 1.0, 
-0.139683, -0.128599, 0.06, 1.0, 
-0.117788, -0.137882, 0.054619, 1.0, 
-0.117835, -0.130442, 0.06, 1.0, 
-0.089337, -0.124891, 0.054593, 1.0, 
-0.094506, -0.120616, 0.06, 1.0, 
-0.100919, -0.12873, 0.06, 1.0, 
-0.098031, -0.135885, 0.05461, 1.0, 
-0.086176, -0.108895, 0.05458, 1.0, 
-0.091709, -0.106457, 0.06, 1.0, 
-0.086176, 0.285, 0.054591, 1.0, 
-0.091709, 0.279467, 0.06, 1.0
]
var black5Normals = [
0.7667, -0.6059, 0.2121, 0, 
-0.0794, -0.9409, 0.3293, 0, 
1.0, -0.0, -0.0, 0, 
0.0951, -0.9396, 0.3289, 0, 
-0.9482, -0.2998, 0.1049, 0, 
0.9788, -0.1934, 0.0677, 0, 
-0.5127, -0.8104, 0.2837, 0, 
-1.0, -0.0, -0.0, 0, 
-0.0, -1.0, -0.0, 0, 
-0.0, -0.0, -1.0, 0, 
-0.6991, -0.0, 0.7151, 0, 
-0.6324, -0.1999, 0.7484, 0, 
-0.3227, -0.51, 0.7973, 0, 
-0.0495, -0.5857, 0.809, 0, 
0.4924, -0.3881, 0.7791, 0, 
0.0592, -0.5848, 0.809, 0, 
0.6631, -0.1305, 0.7371, 0, 
0.6998, -0.0, 0.7144, 0, 
-0.0, 0.6991, 0.7151, 0, 
-0.0, -0.0, 1.0, 0, 
-0.9482, -0.2997, 0.1049, 0, 
-0.5127, -0.8104, 0.2836, 0, 
-0.632, -0.1992, 0.7489, 0, 
-0.3228, -0.5092, 0.7978, 0, 
-0.0494, -0.5855, 0.8092, 0, 
0.4924, -0.3892, 0.7785, 0, 
0.0595, -0.5852, 0.8087, 0, 
0.6636, -0.1311, 0.7365, 0, 
0.6991, -0.0, 0.715, 0
]
var black5Indices = [
5.0, 22.0, 6.0, 
3.0, 17.0, 15.0, 
8.0, 23.0, 7.0, 
6.0, 17.0, 4.0, 
1.0, 13.0, 11.0, 
7.0, 19.0, 5.0, 
2.0, 15.0, 13.0, 
0.0, 11.0, 10.0, 
8.0, 10.0, 0.0, 
3.0, 2.0, 1.0, 
11.0, 9.0, 10.0, 
11.0, 14.0, 12.0, 
13.0, 16.0, 14.0, 
17.0, 16.0, 15.0, 
19.0, 21.0, 22.0, 
17.0, 21.0, 18.0, 
23.0, 20.0, 19.0, 
23.0, 26.0, 24.0, 
26.0, 10.0, 9.0, 
20.0, 24.0, 18.0, 
5.0, 19.0, 22.0, 
3.0, 4.0, 17.0, 
8.0, 25.0, 23.0, 
6.0, 22.0, 17.0, 
1.0, 2.0, 13.0, 
7.0, 23.0, 19.0, 
2.0, 3.0, 15.0, 
0.0, 1.0, 11.0, 
8.0, 25.0, 10.0, 
1.0, 0.0, 7.0, 
0.0, 8.0, 7.0, 
7.0, 5.0, 4.0, 
1.0, 7.0, 4.0, 
5.0, 6.0, 4.0, 
4.0, 3.0, 1.0, 
11.0, 12.0, 9.0, 
11.0, 13.0, 14.0, 
13.0, 15.0, 16.0, 
17.0, 18.0, 16.0, 
19.0, 20.0, 21.0, 
17.0, 22.0, 21.0, 
23.0, 24.0, 20.0, 
23.0, 25.0, 26.0, 
26.0, 25.0, 10.0, 
26.0, 9.0, 24.0, 
9.0, 12.0, 24.0, 
12.0, 14.0, 16.0, 
16.0, 18.0, 12.0, 
18.0, 21.0, 20.0, 
12.0, 18.0, 24.0
]
var black6Vertices = [
0.095595, 0.285, 0.0, 1.0, 
0.095595, -0.132, 0.0, 1.0, 
0.100336, -0.147, 0.0, 1.0, 
0.112981, -0.155, 0.0, 1.0, 
0.136691, -0.157, 0.0, 1.0, 
0.165142, -0.144, 0.0, 1.0, 
0.156448, -0.155, 0.0, 1.0, 
0.168303, -0.128, 0.0, 1.0, 
0.168303, 0.285, 0.0, 1.0, 
0.101127, 0.279467, 0.06, 1.0, 
0.095595, 0.285, 0.054591, 1.0, 
0.095595, -0.112892, 0.054591, 1.0, 
0.101127, -0.110145, 0.06, 1.0, 
0.100336, -0.127887, 0.054604, 1.0, 
0.105003, -0.122403, 0.06, 1.0, 
0.112981, -0.135883, 0.054617, 1.0, 
0.114795, -0.128599, 0.06, 1.0, 
0.136691, -0.137882, 0.054619, 1.0, 
0.136644, -0.130442, 0.06, 1.0, 
0.165142, -0.124891, 0.054593, 1.0, 
0.159973, -0.120616, 0.06, 1.0, 
0.15356, -0.12873, 0.06, 1.0, 
0.156448, -0.135885, 0.05461, 1.0, 
0.168303, -0.108895, 0.05458, 1.0, 
0.16277, -0.106457, 0.06, 1.0, 
0.168303, 0.285, 0.054591, 1.0, 
0.16277, 0.279467, 0.06, 1.0
]
var black6Normals = [
0.7667, -0.6059, 0.2121, 0, 
-0.0794, -0.9409, 0.3293, 0, 
1.0, -0.0, -0.0, 0, 
0.0951, -0.9396, 0.3289, 0, 
-0.9482, -0.2998, 0.1049, 0, 
0.9788, -0.1934, 0.0677, 0, 
-0.5127, -0.8104, 0.2837, 0, 
-1.0, -0.0, -0.0, 0, 
-0.0, -1.0, -0.0, 0, 
-0.0, -0.0, -1.0, 0, 
-0.6991, -0.0, 0.7151, 0, 
-0.6324, -0.1999, 0.7484, 0, 
-0.3227, -0.51, 0.7973, 0, 
-0.0495, -0.5857, 0.809, 0, 
0.4924, -0.3881, 0.7791, 0, 
0.0592, -0.5848, 0.809, 0, 
0.6631, -0.1305, 0.7371, 0, 
0.6998, -0.0, 0.7144, 0, 
-0.0, 0.6991, 0.7151, 0, 
-0.0, -0.0, 1.0, 0, 
-0.9482, -0.2997, 0.1049, 0, 
-0.5127, -0.8104, 0.2836, 0, 
-0.632, -0.1992, 0.7489, 0, 
-0.3228, -0.5092, 0.7978, 0, 
-0.0494, -0.5855, 0.8092, 0, 
0.4924, -0.3892, 0.7785, 0, 
0.0595, -0.5852, 0.8087, 0, 
0.6636, -0.1311, 0.7365, 0, 
0.6991, -0.0, 0.715, 0
]
var black6Indices = [
5.0, 22.0, 6.0, 
3.0, 17.0, 15.0, 
8.0, 23.0, 7.0, 
6.0, 17.0, 4.0, 
1.0, 13.0, 11.0, 
7.0, 19.0, 5.0, 
2.0, 15.0, 13.0, 
0.0, 11.0, 10.0, 
8.0, 10.0, 0.0, 
3.0, 2.0, 1.0, 
11.0, 9.0, 10.0, 
11.0, 14.0, 12.0, 
13.0, 16.0, 14.0, 
17.0, 16.0, 15.0, 
19.0, 21.0, 22.0, 
17.0, 21.0, 18.0, 
23.0, 20.0, 19.0, 
23.0, 26.0, 24.0, 
26.0, 10.0, 9.0, 
20.0, 24.0, 18.0, 
5.0, 19.0, 22.0, 
3.0, 4.0, 17.0, 
8.0, 25.0, 23.0, 
6.0, 22.0, 17.0, 
1.0, 2.0, 13.0, 
7.0, 23.0, 19.0, 
2.0, 3.0, 15.0, 
0.0, 1.0, 11.0, 
8.0, 25.0, 10.0, 
1.0, 0.0, 7.0, 
0.0, 8.0, 7.0, 
7.0, 5.0, 4.0, 
1.0, 7.0, 4.0, 
5.0, 6.0, 4.0, 
4.0, 3.0, 1.0, 
11.0, 12.0, 9.0, 
11.0, 13.0, 14.0, 
13.0, 15.0, 16.0, 
17.0, 18.0, 16.0, 
19.0, 20.0, 21.0, 
17.0, 22.0, 21.0, 
23.0, 24.0, 20.0, 
23.0, 25.0, 26.0, 
26.0, 25.0, 10.0, 
26.0, 9.0, 24.0, 
9.0, 12.0, 24.0, 
12.0, 14.0, 16.0, 
16.0, 18.0, 12.0, 
18.0, 21.0, 20.0, 
12.0, 18.0, 24.0
]
var black7Vertices = [
0.26, 0.285, 0.0, 1.0, 
0.26, -0.132, 0.0, 1.0, 
0.264742, -0.147, 0.0, 1.0, 
0.277387, -0.155, 0.0, 1.0, 
0.301096, -0.157, 0.0, 1.0, 
0.329547, -0.144, 0.0, 1.0, 
0.320854, -0.155, 0.0, 1.0, 
0.332708, -0.128, 0.0, 1.0, 
0.332708, 0.285, 0.0, 1.0, 
0.265533, 0.279467, 0.06, 1.0, 
0.26, 0.285, 0.054591, 1.0, 
0.26, -0.112892, 0.054591, 1.0, 
0.265533, -0.110145, 0.06, 1.0, 
0.264742, -0.127887, 0.054604, 1.0, 
0.269408, -0.122403, 0.06, 1.0, 
0.277387, -0.135883, 0.054617, 1.0, 
0.279201, -0.128599, 0.06, 1.0, 
0.301096, -0.137882, 0.054619, 1.0, 
0.30105, -0.130442, 0.06, 1.0, 
0.329547, -0.124891, 0.054593, 1.0, 
0.324378, -0.120616, 0.06, 1.0, 
0.317966, -0.12873, 0.06, 1.0, 
0.320854, -0.135885, 0.05461, 1.0, 
0.332708, -0.108895, 0.05458, 1.0, 
0.327176, -0.106457, 0.06, 1.0, 
0.332708, 0.285, 0.054591, 1.0, 
0.327176, 0.279467, 0.06, 1.0
]
var black7Normals = [
0.7667, -0.6059, 0.2121, 0, 
-0.0794, -0.9409, 0.3293, 0, 
1.0, -0.0, -0.0, 0, 
0.0951, -0.9396, 0.3289, 0, 
-0.9482, -0.2998, 0.1049, 0, 
0.9788, -0.1934, 0.0677, 0, 
-0.5127, -0.8104, 0.2837, 0, 
-1.0, -0.0, -0.0, 0, 
-0.0, -1.0, -0.0, 0, 
-0.0, -0.0, -1.0, 0, 
-0.6991, -0.0, 0.7151, 0, 
-0.6324, -0.1999, 0.7484, 0, 
-0.3227, -0.51, 0.7973, 0, 
-0.0495, -0.5857, 0.809, 0, 
0.4924, -0.3881, 0.7791, 0, 
0.0592, -0.5848, 0.809, 0, 
0.6631, -0.1305, 0.7371, 0, 
0.6998, -0.0, 0.7144, 0, 
-0.0, 0.6991, 0.7151, 0, 
-0.0, -0.0, 1.0, 0, 
-0.9482, -0.2997, 0.1049, 0, 
-0.5127, -0.8104, 0.2836, 0, 
-0.632, -0.1992, 0.7489, 0, 
-0.3228, -0.5092, 0.7978, 0, 
-0.0494, -0.5855, 0.8092, 0, 
0.4924, -0.3892, 0.7785, 0, 
0.0595, -0.5852, 0.8087, 0, 
0.6636, -0.1311, 0.7365, 0, 
0.6991, -0.0, 0.715, 0
]
var black7Indices = [
5.0, 22.0, 6.0, 
3.0, 17.0, 15.0, 
8.0, 23.0, 7.0, 
6.0, 17.0, 4.0, 
1.0, 13.0, 11.0, 
7.0, 19.0, 5.0, 
2.0, 15.0, 13.0, 
0.0, 11.0, 10.0, 
8.0, 10.0, 0.0, 
3.0, 2.0, 1.0, 
11.0, 9.0, 10.0, 
11.0, 14.0, 12.0, 
13.0, 16.0, 14.0, 
17.0, 16.0, 15.0, 
19.0, 21.0, 22.0, 
17.0, 21.0, 18.0, 
23.0, 20.0, 19.0, 
23.0, 26.0, 24.0, 
26.0, 10.0, 9.0, 
20.0, 24.0, 18.0, 
5.0, 19.0, 22.0, 
3.0, 4.0, 17.0, 
8.0, 25.0, 23.0, 
6.0, 22.0, 17.0, 
1.0, 2.0, 13.0, 
7.0, 23.0, 19.0, 
2.0, 3.0, 15.0, 
0.0, 1.0, 11.0, 
8.0, 25.0, 10.0, 
1.0, 0.0, 7.0, 
0.0, 8.0, 7.0, 
7.0, 5.0, 4.0, 
1.0, 7.0, 4.0, 
5.0, 6.0, 4.0, 
4.0, 3.0, 1.0, 
11.0, 12.0, 9.0, 
11.0, 13.0, 14.0, 
13.0, 15.0, 16.0, 
17.0, 18.0, 16.0, 
19.0, 20.0, 21.0, 
17.0, 22.0, 21.0, 
23.0, 24.0, 20.0, 
23.0, 25.0, 26.0, 
26.0, 25.0, 10.0, 
26.0, 9.0, 24.0, 
9.0, 12.0, 24.0, 
12.0, 14.0, 16.0, 
16.0, 18.0, 12.0, 
18.0, 21.0, 20.0, 
12.0, 18.0, 24.0
]
var black8Vertices = [
0.514938, 0.285, 0.0, 1.0, 
0.514938, -0.132, 0.0, 1.0, 
0.51968, -0.147, 0.0, 1.0, 
0.532325, -0.155, 0.0, 1.0, 
0.556034, -0.157, 0.0, 1.0, 
0.584485, -0.144, 0.0, 1.0, 
0.575792, -0.155, 0.0, 1.0, 
0.587646, -0.128, 0.0, 1.0, 
0.587646, 0.285, 0.0, 1.0, 
0.520471, 0.279467, 0.06, 1.0, 
0.514938, 0.285, 0.054591, 1.0, 
0.514938, -0.112892, 0.054591, 1.0, 
0.520471, -0.110145, 0.06, 1.0, 
0.51968, -0.127887, 0.054604, 1.0, 
0.524346, -0.122403, 0.06, 1.0, 
0.532325, -0.135883, 0.054617, 1.0, 
0.534139, -0.128599, 0.06, 1.0, 
0.556034, -0.137882, 0.054619, 1.0, 
0.555987, -0.130442, 0.06, 1.0, 
0.584485, -0.124891, 0.054593, 1.0, 
0.579316, -0.120616, 0.06, 1.0, 
0.572904, -0.12873, 0.06, 1.0, 
0.575792, -0.135885, 0.05461, 1.0, 
0.587646, -0.108895, 0.05458, 1.0, 
0.582114, -0.106457, 0.06, 1.0, 
0.587646, 0.285, 0.054591, 1.0, 
0.582114, 0.279467, 0.06, 1.0
]
var black8Normals = [
0.7667, -0.6059, 0.2121, 0, 
-0.0794, -0.9409, 0.3293, 0, 
1.0, -0.0, -0.0, 0, 
0.0951, -0.9396, 0.3289, 0, 
-0.9482, -0.2998, 0.1049, 0, 
0.9788, -0.1934, 0.0677, 0, 
-0.5127, -0.8104, 0.2837, 0, 
-1.0, -0.0, -0.0, 0, 
-0.0, -1.0, -0.0, 0, 
-0.0, -0.0, -1.0, 0, 
-0.6991, -0.0, 0.7151, 0, 
-0.6324, -0.1999, 0.7484, 0, 
-0.3227, -0.51, 0.7973, 0, 
-0.0495, -0.5857, 0.809, 0, 
0.4924, -0.3881, 0.7791, 0, 
0.0592, -0.5848, 0.809, 0, 
0.6631, -0.1305, 0.7371, 0, 
0.6998, -0.0, 0.7144, 0, 
-0.0, 0.6991, 0.7151, 0, 
-0.0, -0.0, 1.0, 0, 
-0.9482, -0.2997, 0.1049, 0, 
-0.5127, -0.8104, 0.2836, 0, 
-0.632, -0.1992, 0.7489, 0, 
-0.3228, -0.5092, 0.7978, 0, 
-0.0494, -0.5855, 0.8092, 0, 
0.4924, -0.3892, 0.7785, 0, 
0.0595, -0.5852, 0.8087, 0, 
0.6636, -0.1311, 0.7365, 0, 
0.6991, -0.0, 0.715, 0
]
var black8Indices = [
5.0, 22.0, 6.0, 
3.0, 17.0, 15.0, 
8.0, 23.0, 7.0, 
6.0, 17.0, 4.0, 
1.0, 13.0, 11.0, 
7.0, 19.0, 5.0, 
2.0, 15.0, 13.0, 
0.0, 11.0, 10.0, 
8.0, 10.0, 0.0, 
3.0, 2.0, 1.0, 
11.0, 9.0, 10.0, 
11.0, 14.0, 12.0, 
13.0, 16.0, 14.0, 
17.0, 16.0, 15.0, 
19.0, 21.0, 22.0, 
17.0, 21.0, 18.0, 
23.0, 20.0, 19.0, 
23.0, 26.0, 24.0, 
26.0, 10.0, 9.0, 
20.0, 24.0, 18.0, 
5.0, 19.0, 22.0, 
3.0, 4.0, 17.0, 
8.0, 25.0, 23.0, 
6.0, 22.0, 17.0, 
1.0, 2.0, 13.0, 
7.0, 23.0, 19.0, 
2.0, 3.0, 15.0, 
0.0, 1.0, 11.0, 
8.0, 25.0, 10.0, 
1.0, 0.0, 7.0, 
0.0, 8.0, 7.0, 
7.0, 5.0, 4.0, 
1.0, 7.0, 4.0, 
5.0, 6.0, 4.0, 
4.0, 3.0, 1.0, 
11.0, 12.0, 9.0, 
11.0, 13.0, 14.0, 
13.0, 15.0, 16.0, 
17.0, 18.0, 16.0, 
19.0, 20.0, 21.0, 
17.0, 22.0, 21.0, 
23.0, 24.0, 20.0, 
23.0, 25.0, 26.0, 
26.0, 25.0, 10.0, 
26.0, 9.0, 24.0, 
9.0, 12.0, 24.0, 
12.0, 14.0, 16.0, 
16.0, 18.0, 12.0, 
18.0, 21.0, 20.0, 
12.0, 18.0, 24.0
]
var black9Vertices = [
0.675845, 0.285, 0.0, 1.0, 
0.675845, -0.132, 0.0, 1.0, 
0.680587, -0.147, 0.0, 1.0, 
0.693232, -0.155, 0.0, 1.0, 
0.716941, -0.157, 0.0, 1.0, 
0.745392, -0.144, 0.0, 1.0, 
0.736699, -0.155, 0.0, 1.0, 
0.748554, -0.128, 0.0, 1.0, 
0.748554, 0.285, 0.0, 1.0, 
0.681378, 0.279467, 0.06, 1.0, 
0.675845, 0.285, 0.054591, 1.0, 
0.675845, -0.112892, 0.054591, 1.0, 
0.681378, -0.110145, 0.06, 1.0, 
0.680587, -0.127887, 0.054604, 1.0, 
0.685253, -0.122403, 0.06, 1.0, 
0.693232, -0.135883, 0.054617, 1.0, 
0.695046, -0.128599, 0.06, 1.0, 
0.716941, -0.137882, 0.054619, 1.0, 
0.716895, -0.130442, 0.06, 1.0, 
0.745392, -0.124891, 0.054593, 1.0, 
0.740223, -0.120616, 0.06, 1.0, 
0.733811, -0.12873, 0.06, 1.0, 
0.736699, -0.135885, 0.05461, 1.0, 
0.748554, -0.108895, 0.05458, 1.0, 
0.743021, -0.106457, 0.06, 1.0, 
0.748554, 0.285, 0.054591, 1.0, 
0.743021, 0.279467, 0.06, 1.0
]
var black9Normals = [
0.7667, -0.6059, 0.2121, 0, 
-0.0794, -0.9409, 0.3293, 0, 
1.0, -0.0, -0.0, 0, 
0.0951, -0.9396, 0.3289, 0, 
-0.9482, -0.2998, 0.1049, 0, 
0.9788, -0.1934, 0.0677, 0, 
-0.5127, -0.8104, 0.2837, 0, 
-1.0, -0.0, -0.0, 0, 
-0.0, -1.0, -0.0, 0, 
-0.0, -0.0, -1.0, 0, 
-0.6991, -0.0, 0.7151, 0, 
-0.6324, -0.1999, 0.7484, 0, 
-0.3227, -0.51, 0.7973, 0, 
-0.0495, -0.5857, 0.809, 0, 
0.4924, -0.3881, 0.7791, 0, 
0.0592, -0.5848, 0.809, 0, 
0.6631, -0.1305, 0.7371, 0, 
0.6998, -0.0, 0.7144, 0, 
-0.0, 0.6991, 0.7151, 0, 
-0.0, -0.0, 1.0, 0, 
-0.9482, -0.2997, 0.1049, 0, 
-0.5127, -0.8104, 0.2836, 0, 
-0.632, -0.1992, 0.7489, 0, 
-0.3228, -0.5092, 0.7978, 0, 
-0.0494, -0.5855, 0.8092, 0, 
0.4924, -0.3892, 0.7785, 0, 
0.0595, -0.5852, 0.8087, 0, 
0.6636, -0.1311, 0.7365, 0, 
0.6991, -0.0, 0.715, 0
]
var black9Indices = [
5.0, 22.0, 6.0, 
3.0, 17.0, 15.0, 
8.0, 23.0, 7.0, 
6.0, 17.0, 4.0, 
1.0, 13.0, 11.0, 
7.0, 19.0, 5.0, 
2.0, 15.0, 13.0, 
0.0, 11.0, 10.0, 
8.0, 10.0, 0.0, 
3.0, 2.0, 1.0, 
11.0, 9.0, 10.0, 
11.0, 14.0, 12.0, 
13.0, 16.0, 14.0, 
17.0, 16.0, 15.0, 
19.0, 21.0, 22.0, 
17.0, 21.0, 18.0, 
23.0, 20.0, 19.0, 
23.0, 26.0, 24.0, 
26.0, 10.0, 9.0, 
20.0, 24.0, 18.0, 
5.0, 19.0, 22.0, 
3.0, 4.0, 17.0, 
8.0, 25.0, 23.0, 
6.0, 22.0, 17.0, 
1.0, 2.0, 13.0, 
7.0, 23.0, 19.0, 
2.0, 3.0, 15.0, 
0.0, 1.0, 11.0, 
8.0, 25.0, 10.0, 
1.0, 0.0, 7.0, 
0.0, 8.0, 7.0, 
7.0, 5.0, 4.0, 
1.0, 7.0, 4.0, 
5.0, 6.0, 4.0, 
4.0, 3.0, 1.0, 
11.0, 12.0, 9.0, 
11.0, 13.0, 14.0, 
13.0, 15.0, 16.0, 
17.0, 18.0, 16.0, 
19.0, 20.0, 21.0, 
17.0, 22.0, 21.0, 
23.0, 24.0, 20.0, 
23.0, 25.0, 26.0, 
26.0, 25.0, 10.0, 
26.0, 9.0, 24.0, 
9.0, 12.0, 24.0, 
12.0, 14.0, 16.0, 
16.0, 18.0, 12.0, 
18.0, 21.0, 20.0, 
12.0, 18.0, 24.0
]
var black10Vertices = [
0.826696, 0.285, 0.0, 1.0, 
0.826696, -0.132, 0.0, 1.0, 
0.831438, -0.147, 0.0, 1.0, 
0.844083, -0.155, 0.0, 1.0, 
0.867792, -0.157, 0.0, 1.0, 
0.896243, -0.144, 0.0, 1.0, 
0.88755, -0.155, 0.0, 1.0, 
0.899405, -0.128, 0.0, 1.0, 
0.899405, 0.285, 0.0, 1.0, 
0.832229, 0.279467, 0.06, 1.0, 
0.826696, 0.285, 0.054591, 1.0, 
0.826696, -0.112892, 0.054591, 1.0, 
0.832229, -0.110145, 0.06, 1.0, 
0.831438, -0.127887, 0.054604, 1.0, 
0.836104, -0.122403, 0.06, 1.0, 
0.844083, -0.135883, 0.054617, 1.0, 
0.845897, -0.128599, 0.06, 1.0, 
0.867792, -0.137882, 0.054619, 1.0, 
0.867746, -0.130442, 0.06, 1.0, 
0.896243, -0.124891, 0.054593, 1.0, 
0.891074, -0.120616, 0.06, 1.0, 
0.884662, -0.12873, 0.06, 1.0, 
0.88755, -0.135885, 0.05461, 1.0, 
0.899405, -0.108895, 0.05458, 1.0, 
0.893872, -0.106457, 0.06, 1.0, 
0.899405, 0.285, 0.054591, 1.0, 
0.893872, 0.279467, 0.06, 1.0
]
var black10Normals = [
0.7667, -0.6059, 0.2121, 0, 
-0.0794, -0.9409, 0.3293, 0, 
1.0, -0.0, -0.0, 0, 
0.0951, -0.9396, 0.3289, 0, 
-0.9482, -0.2998, 0.1049, 0, 
0.9788, -0.1934, 0.0677, 0, 
-0.5127, -0.8104, 0.2837, 0, 
-1.0, -0.0, -0.0, 0, 
-0.0, -1.0, -0.0, 0, 
-0.0, -0.0, -1.0, 0, 
-0.6991, -0.0, 0.7151, 0, 
-0.6324, -0.1999, 0.7484, 0, 
-0.3227, -0.51, 0.7973, 0, 
-0.0495, -0.5857, 0.809, 0, 
0.4924, -0.3881, 0.7791, 0, 
0.0592, -0.5848, 0.809, 0, 
0.6631, -0.1305, 0.7371, 0, 
0.6998, -0.0, 0.7144, 0, 
-0.0, 0.6991, 0.7151, 0, 
-0.0, -0.0, 1.0, 0, 
-0.9482, -0.2997, 0.1049, 0, 
-0.5127, -0.8104, 0.2836, 0, 
-0.632, -0.1992, 0.7489, 0, 
-0.3228, -0.5092, 0.7978, 0, 
-0.0494, -0.5855, 0.8092, 0, 
0.4924, -0.3892, 0.7785, 0, 
0.0595, -0.5852, 0.8087, 0, 
0.6636, -0.1311, 0.7365, 0, 
0.6991, -0.0, 0.715, 0
]
var black10Indices = [
5.0, 22.0, 6.0, 
3.0, 17.0, 15.0, 
8.0, 23.0, 7.0, 
6.0, 17.0, 4.0, 
1.0, 13.0, 11.0, 
7.0, 19.0, 5.0, 
2.0, 15.0, 13.0, 
0.0, 11.0, 10.0, 
8.0, 10.0, 0.0, 
3.0, 2.0, 1.0, 
11.0, 9.0, 10.0, 
11.0, 14.0, 12.0, 
13.0, 16.0, 14.0, 
17.0, 16.0, 15.0, 
19.0, 21.0, 22.0, 
17.0, 21.0, 18.0, 
23.0, 20.0, 19.0, 
23.0, 26.0, 24.0, 
26.0, 10.0, 9.0, 
20.0, 24.0, 18.0, 
5.0, 19.0, 22.0, 
3.0, 4.0, 17.0, 
8.0, 25.0, 23.0, 
6.0, 22.0, 17.0, 
1.0, 2.0, 13.0, 
7.0, 23.0, 19.0, 
2.0, 3.0, 15.0, 
0.0, 1.0, 11.0, 
8.0, 25.0, 10.0, 
1.0, 0.0, 7.0, 
0.0, 8.0, 7.0, 
7.0, 5.0, 4.0, 
1.0, 7.0, 4.0, 
5.0, 6.0, 4.0, 
4.0, 3.0, 1.0, 
11.0, 12.0, 9.0, 
11.0, 13.0, 14.0, 
13.0, 15.0, 16.0, 
17.0, 18.0, 16.0, 
19.0, 20.0, 21.0, 
17.0, 22.0, 21.0, 
23.0, 24.0, 20.0, 
23.0, 25.0, 26.0, 
26.0, 25.0, 10.0, 
26.0, 9.0, 24.0, 
9.0, 12.0, 24.0, 
12.0, 14.0, 16.0, 
16.0, 18.0, 12.0, 
18.0, 21.0, 20.0, 
12.0, 18.0, 24.0
]
