var button0Vertices = [
-0.836788, 0.423725, 0.05, 1.0, 
-0.836788, 0.423725, 0.08, 1.0, 
-0.828198, 0.422879, 0.05, 1.0, 
-0.828198, 0.422879, 0.08, 1.0, 
-0.819939, 0.420374, 0.05, 1.0, 
-0.819939, 0.420374, 0.08, 1.0, 
-0.812327, 0.416305, 0.05, 1.0, 
-0.812327, 0.416305, 0.08, 1.0, 
-0.805655, 0.41083, 0.05, 1.0, 
-0.805655, 0.41083, 0.08, 1.0, 
-0.80018, 0.404158, 0.05, 1.0, 
-0.80018, 0.404158, 0.08, 1.0, 
-0.796111, 0.396546, 0.05, 1.0, 
-0.796111, 0.396546, 0.08, 1.0, 
-0.793606, 0.388287, 0.05, 1.0, 
-0.793606, 0.388287, 0.08, 1.0, 
-0.79276, 0.379698, 0.05, 1.0, 
-0.79276, 0.379698, 0.08, 1.0, 
-0.793606, 0.371109, 0.05, 1.0, 
-0.793606, 0.371109, 0.08, 1.0, 
-0.796111, 0.362849, 0.05, 1.0, 
-0.796111, 0.362849, 0.08, 1.0, 
-0.80018, 0.355237, 0.05, 1.0, 
-0.80018, 0.355237, 0.08, 1.0, 
-0.805655, 0.348566, 0.05, 1.0, 
-0.805655, 0.348566, 0.08, 1.0, 
-0.812327, 0.34309, 0.05, 1.0, 
-0.812327, 0.34309, 0.08, 1.0, 
-0.819939, 0.339022, 0.05, 1.0, 
-0.819939, 0.339022, 0.08, 1.0, 
-0.828198, 0.336516, 0.05, 1.0, 
-0.828198, 0.336516, 0.08, 1.0, 
-0.836788, 0.33567, 0.05, 1.0, 
-0.836788, 0.33567, 0.08, 1.0, 
-0.845377, 0.336516, 0.05, 1.0, 
-0.845377, 0.336516, 0.08, 1.0, 
-0.853636, 0.339022, 0.05, 1.0, 
-0.853636, 0.339022, 0.08, 1.0, 
-0.861248, 0.34309, 0.05, 1.0, 
-0.861248, 0.34309, 0.08, 1.0, 
-0.86792, 0.348566, 0.05, 1.0, 
-0.86792, 0.348566, 0.08, 1.0, 
-0.873395, 0.355237, 0.05, 1.0, 
-0.873395, 0.355237, 0.08, 1.0, 
-0.877464, 0.362849, 0.05, 1.0, 
-0.877464, 0.362849, 0.08, 1.0, 
-0.879969, 0.371109, 0.05, 1.0, 
-0.879969, 0.371109, 0.08, 1.0, 
-0.880815, 0.379698, 0.05, 1.0, 
-0.880815, 0.379698, 0.08, 1.0, 
-0.879969, 0.388287, 0.05, 1.0, 
-0.879969, 0.388287, 0.08, 1.0, 
-0.877464, 0.396546, 0.05, 1.0, 
-0.877464, 0.396546, 0.08, 1.0, 
-0.873395, 0.404158, 0.05, 1.0, 
-0.873395, 0.404158, 0.08, 1.0, 
-0.86792, 0.41083, 0.05, 1.0, 
-0.86792, 0.41083, 0.08, 1.0, 
-0.861248, 0.416305, 0.05, 1.0, 
-0.861248, 0.416305, 0.08, 1.0, 
-0.853636, 0.420374, 0.05, 1.0, 
-0.853636, 0.420374, 0.08, 1.0, 
-0.845377, 0.422879, 0.05, 1.0, 
-0.845377, 0.422879, 0.08, 1.0
];
var button0Normals = [
0.098, 0.9952, -0.0, 0, 
0.2903, 0.9569, -0.0, 0, 
0.4714, 0.8819, -0.0, 0, 
0.6344, 0.773, -0.0, 0, 
0.773, 0.6344, -0.0, 0, 
0.8819, 0.4714, -0.0, 0, 
0.9569, 0.2903, -0.0, 0, 
0.9952, 0.098, -0.0, 0, 
0.9952, -0.098, -0.0, 0, 
0.9569, -0.2903, -0.0, 0, 
0.8819, -0.4714, -0.0, 0, 
0.773, -0.6344, -0.0, 0, 
0.6344, -0.773, -0.0, 0, 
0.4714, -0.8819, -0.0, 0, 
0.2903, -0.9569, -0.0, 0, 
0.098, -0.9952, -0.0, 0, 
-0.098, -0.9952, -0.0, 0, 
-0.2903, -0.9569, -0.0, 0, 
-0.4714, -0.8819, -0.0, 0, 
-0.6344, -0.773, -0.0, 0, 
-0.773, -0.6344, -0.0, 0, 
-0.8819, -0.4714, -0.0, 0, 
-0.9569, -0.2903, -0.0, 0, 
-0.9952, -0.098, -0.0, 0, 
-0.9952, 0.098, -0.0, 0, 
-0.9569, 0.2903, -0.0, 0, 
-0.8819, 0.4714, -0.0, 0, 
-0.773, 0.6344, -0.0, 0, 
-0.6344, 0.773, -0.0, 0, 
-0.4714, 0.8819, -0.0, 0, 
-0.0, -0.0, 1.0, 0, 
-0.2903, 0.9569, -0.0, 0, 
-0.098, 0.9952, -0.0, 0
];
var button0Indices = [
1.0, 2.0, 0.0, 
3.0, 4.0, 2.0, 
5.0, 6.0, 4.0, 
7.0, 8.0, 6.0, 
9.0, 10.0, 8.0, 
11.0, 12.0, 10.0, 
13.0, 14.0, 12.0, 
15.0, 16.0, 14.0, 
17.0, 18.0, 16.0, 
19.0, 20.0, 18.0, 
21.0, 22.0, 20.0, 
23.0, 24.0, 22.0, 
25.0, 26.0, 24.0, 
27.0, 28.0, 26.0, 
29.0, 30.0, 28.0, 
31.0, 32.0, 30.0, 
33.0, 34.0, 32.0, 
35.0, 36.0, 34.0, 
37.0, 38.0, 36.0, 
39.0, 40.0, 38.0, 
41.0, 42.0, 40.0, 
43.0, 44.0, 42.0, 
45.0, 46.0, 44.0, 
47.0, 48.0, 46.0, 
49.0, 50.0, 48.0, 
51.0, 52.0, 50.0, 
53.0, 54.0, 52.0, 
55.0, 56.0, 54.0, 
57.0, 58.0, 56.0, 
59.0, 60.0, 58.0, 
37.0, 21.0, 5.0, 
61.0, 62.0, 60.0, 
63.0, 0.0, 62.0, 
1.0, 3.0, 2.0, 
3.0, 5.0, 4.0, 
5.0, 7.0, 6.0, 
7.0, 9.0, 8.0, 
9.0, 11.0, 10.0, 
11.0, 13.0, 12.0, 
13.0, 15.0, 14.0, 
15.0, 17.0, 16.0, 
17.0, 19.0, 18.0, 
19.0, 21.0, 20.0, 
21.0, 23.0, 22.0, 
23.0, 25.0, 24.0, 
25.0, 27.0, 26.0, 
27.0, 29.0, 28.0, 
29.0, 31.0, 30.0, 
31.0, 33.0, 32.0, 
33.0, 35.0, 34.0, 
35.0, 37.0, 36.0, 
37.0, 39.0, 38.0, 
39.0, 41.0, 40.0, 
41.0, 43.0, 42.0, 
43.0, 45.0, 44.0, 
45.0, 47.0, 46.0, 
47.0, 49.0, 48.0, 
49.0, 51.0, 50.0, 
51.0, 53.0, 52.0, 
53.0, 55.0, 54.0, 
55.0, 57.0, 56.0, 
57.0, 59.0, 58.0, 
59.0, 61.0, 60.0, 
5.0, 3.0, 1.0, 
1.0, 63.0, 5.0, 
63.0, 61.0, 5.0, 
61.0, 59.0, 57.0, 
57.0, 55.0, 53.0, 
53.0, 51.0, 49.0, 
49.0, 47.0, 53.0, 
47.0, 45.0, 53.0, 
45.0, 43.0, 41.0, 
41.0, 39.0, 37.0, 
37.0, 35.0, 29.0, 
35.0, 33.0, 29.0, 
33.0, 31.0, 29.0, 
29.0, 27.0, 25.0, 
25.0, 23.0, 21.0, 
21.0, 19.0, 13.0, 
19.0, 17.0, 13.0, 
17.0, 15.0, 13.0, 
13.0, 11.0, 9.0, 
9.0, 7.0, 5.0, 
61.0, 57.0, 5.0, 
57.0, 53.0, 5.0, 
45.0, 41.0, 53.0, 
41.0, 37.0, 53.0, 
29.0, 25.0, 37.0, 
25.0, 21.0, 37.0, 
13.0, 9.0, 21.0, 
9.0, 5.0, 21.0, 
5.0, 53.0, 37.0, 
61.0, 63.0, 62.0, 
63.0, 1.0, 0.0
];
var button1Vertices = [
-0.705, 0.42582, 0.05, 1.0, 
-0.719, 0.42382, 0.05, 1.0, 
-0.73, 0.41782, 0.05, 1.0, 
-0.737, 0.41182, 0.05, 1.0, 
-0.745, 0.39182, 0.05, 1.0, 
-0.745, 0.36982, 0.05, 1.0, 
-0.741, 0.35682, 0.05, 1.0, 
-0.737, 0.34982, 0.05, 1.0, 
-0.73, 0.34382, 0.05, 1.0, 
-0.719, 0.33782, 0.05, 1.0, 
-0.705, 0.33582, 0.05, 1.0, 
-0.57, 0.33582, 0.05, 1.0, 
-0.556, 0.33782, 0.05, 1.0, 
-0.545, 0.34382, 0.05, 1.0, 
-0.538, 0.34982, 0.05, 1.0, 
-0.534, 0.35682, 0.05, 1.0, 
-0.53, 0.36982, 0.05, 1.0, 
-0.53, 0.39182, 0.05, 1.0, 
-0.534, 0.40482, 0.05, 1.0, 
-0.538, 0.41182, 0.05, 1.0, 
-0.545, 0.41782, 0.05, 1.0, 
-0.556, 0.42382, 0.05, 1.0, 
-0.57, 0.42582, 0.05, 1.0, 
-0.705, 0.42582, 0.08, 1.0, 
-0.719, 0.42382, 0.08, 1.0, 
-0.73, 0.41782, 0.08, 1.0, 
-0.737, 0.41182, 0.08, 1.0, 
-0.745, 0.39182, 0.08, 1.0, 
-0.745, 0.36982, 0.08, 1.0, 
-0.741, 0.35682, 0.08, 1.0, 
-0.737, 0.34982, 0.08, 1.0, 
-0.73, 0.34382, 0.08, 1.0, 
-0.719, 0.33782, 0.08, 1.0, 
-0.705, 0.33582, 0.08, 1.0, 
-0.57, 0.33582, 0.08, 1.0, 
-0.556, 0.33782, 0.08, 1.0, 
-0.545, 0.34382, 0.08, 1.0, 
-0.538, 0.34982, 0.08, 1.0, 
-0.534, 0.35682, 0.08, 1.0, 
-0.53, 0.36982, 0.08, 1.0, 
-0.53, 0.39182, 0.08, 1.0, 
-0.534, 0.40482, 0.08, 1.0, 
-0.538, 0.41182, 0.08, 1.0, 
-0.545, 0.41782, 0.08, 1.0, 
-0.556, 0.42382, 0.08, 1.0, 
-0.57, 0.42582, 0.08, 1.0
];
var button1Normals = [
-0.0, -0.0, 1.0, 0, 
-0.6508, 0.7593, -0.0, 0, 
0.9558, 0.2941, -0.0, 0, 
-0.0, -1.0, -0.0, 0, 
-0.9285, 0.3714, -0.0, 0, 
0.8682, 0.4961, -0.0, 0, 
0.1414, -0.9899, -0.0, 0, 
-1.0, -0.0, -0.0, 0, 
0.6508, 0.7593, -0.0, 0, 
0.4789, -0.8779, -0.0, 0, 
-0.9558, -0.2941, -0.0, 0, 
0.4788, 0.8779, -0.0, 0, 
0.6508, -0.7593, -0.0, 0, 
-0.8682, -0.4961, -0.0, 0, 
0.1414, 0.9899, -0.0, 0, 
0.8682, -0.4961, -0.0, 0, 
-0.6508, -0.7593, -0.0, 0, 
-0.0, 1.0, -0.0, 0, 
-0.1414, 0.9899, -0.0, 0, 
0.9558, -0.2941, -0.0, 0, 
-0.4788, -0.8779, -0.0, 0, 
-0.4788, 0.8779, -0.0, 0, 
1.0, -0.0, -0.0, 0, 
-0.1414, -0.9899, -0.0, 0
];
var button1Indices = [
36.0, 39.0, 34.0, 
3.0, 25.0, 2.0, 
18.0, 40.0, 17.0, 
11.0, 33.0, 10.0, 
4.0, 26.0, 3.0, 
19.0, 41.0, 18.0, 
12.0, 34.0, 11.0, 
5.0, 27.0, 4.0, 
20.0, 42.0, 19.0, 
13.0, 35.0, 12.0, 
6.0, 28.0, 5.0, 
21.0, 43.0, 20.0, 
14.0, 36.0, 13.0, 
7.0, 29.0, 6.0, 
22.0, 44.0, 21.0, 
15.0, 37.0, 14.0, 
8.0, 30.0, 7.0, 
0.0, 45.0, 22.0, 
1.0, 23.0, 0.0, 
16.0, 38.0, 15.0, 
9.0, 31.0, 8.0, 
2.0, 24.0, 1.0, 
17.0, 39.0, 16.0, 
10.0, 32.0, 9.0, 
23.0, 24.0, 25.0, 
25.0, 26.0, 27.0, 
27.0, 28.0, 33.0, 
28.0, 29.0, 31.0, 
33.0, 28.0, 31.0, 
29.0, 30.0, 31.0, 
31.0, 32.0, 33.0, 
33.0, 34.0, 45.0, 
34.0, 35.0, 36.0, 
45.0, 34.0, 39.0, 
36.0, 37.0, 38.0, 
39.0, 36.0, 38.0, 
39.0, 40.0, 45.0, 
40.0, 41.0, 43.0, 
45.0, 40.0, 43.0, 
41.0, 42.0, 43.0, 
43.0, 44.0, 45.0, 
45.0, 23.0, 33.0, 
23.0, 25.0, 27.0, 
33.0, 23.0, 27.0, 
3.0, 26.0, 25.0, 
18.0, 41.0, 40.0, 
11.0, 34.0, 33.0, 
4.0, 27.0, 26.0, 
19.0, 42.0, 41.0, 
12.0, 35.0, 34.0, 
5.0, 28.0, 27.0, 
20.0, 43.0, 42.0, 
13.0, 36.0, 35.0, 
6.0, 29.0, 28.0, 
21.0, 44.0, 43.0, 
14.0, 37.0, 36.0, 
7.0, 30.0, 29.0, 
22.0, 45.0, 44.0, 
15.0, 38.0, 37.0, 
8.0, 31.0, 30.0, 
0.0, 23.0, 45.0, 
1.0, 24.0, 23.0, 
16.0, 39.0, 38.0, 
9.0, 32.0, 31.0, 
2.0, 25.0, 24.0, 
17.0, 40.0, 39.0, 
10.0, 33.0, 32.0
];
